2.574257425742574323e+00
2.627059405940593617e+00
2.676257425742573748e+00
2.723455445544553655e+00
2.767455445544555026e+00
2.809128712871285849e+00
2.848128712871287327e+00
2.885564356435643241e+00
2.919970297029702788e+00
2.952376237623761668e+00
2.981712871287128586e+00
3.011168316831682290e+00
3.038633663366338222e+00
3.064297029702970576e+00
3.088217821782176742e+00
3.110881188118811647e+00
3.132366336633662929e+00
3.153465346534653602e+00
3.174108910891089597e+00
3.192920792079208869e+00
3.210910891089109764e+00
3.227128712871287330e+00
3.243287128712870615e+00
3.258217821782177559e+00
3.271910891089107931e+00
3.285881188118812357e+00
3.298683168316830283e+00
3.311079207920794687e+00
3.323009900990097076e+00
3.333762376237622060e+00
3.344049504950494356e+00
3.354108910891087980e+00
3.364227722772275886e+00
3.373009900990099563e+00
3.381594059405941710e+00
3.389524752475247205e+00
3.397722772277226966e+00
3.404762376237623567e+00
3.411900990099010933e+00
3.418534653465346018e+00
3.424752475247524686e+00
3.430801980198019407e+00
3.436168316831682557e+00
3.441891089108911839e+00
3.446999999999996955e+00
3.451623762376235138e+00
3.456801980198018320e+00
3.461217821782179627e+00
3.465148514851482009e+00
3.469029702970296114e+00
3.472514851485146270e+00
3.475910891089109445e+00
3.479148514851485796e+00
3.482425742574258631e+00
3.485475247524751463e+00
3.488455445544554667e+00
3.491069306930693283e+00
3.493910891089108350e+00
3.496465346534652685e+00
3.498663366336633107e+00
3.501009900990100121e+00
3.503128712871286243e+00
3.505108910891088669e+00
3.506960396039604522e+00
3.508574257425744580e+00
3.510257425742574711e+00
3.511980198019803101e+00
3.513574257425743586e+00
3.515237623762376362e+00
3.516603960396038175e+00
3.517643564356437214e+00
3.518801980198019486e+00
3.520019801980199148e+00
3.520930693069306727e+00
3.522019801980197595e+00
3.523168316831682745e+00
3.524069306930694090e+00
3.524940594059406074e+00
3.525623762376238091e+00
3.526396039603961974e+00
3.526970297029703438e+00
3.527683168316829931e+00
