2.574257425742574323e+00
2.605217821782177978e+00
2.644138613861385601e+00
2.680148514851485864e+00
2.713049504950496349e+00
2.743069306930692175e+00
2.771594059405939170e+00
2.797881188118811924e+00
2.822029702970295872e+00
2.845940594059406692e+00
2.866584158415843575e+00
2.886574257425742029e+00
2.906019801980197936e+00
2.924881188118812148e+00
2.941702970297028319e+00
2.958732673267326252e+00
2.975247524752476558e+00
2.991772277227723542e+00
3.007633663366335863e+00
3.021366336633663607e+00
3.035891089108910812e+00
3.049207920792079474e+00
3.062643564356436254e+00
3.075247524752475314e+00
3.086722772277229243e+00
3.098900990099010322e+00
3.109168316831680379e+00
3.120059405940596164e+00
3.129999999999999893e+00
3.139950495049505630e+00
3.150158415841581849e+00
3.159227722772277591e+00
3.168009900990099492e+00
3.176613861386138993e+00
3.184386138613861217e+00
3.191752475247525034e+00
3.199366336633665764e+00
3.206306930693069379e+00
3.213326732673267294e+00
3.219346534653465763e+00
3.225415841584158283e+00
3.231128712871286890e+00
3.236346534653465223e+00
3.241198019801981633e+00
3.245811881188120473e+00
3.250287128712872509e+00
3.254257425742575371e+00
3.257663366336633892e+00
3.261267326732671279e+00
3.264524752475247205e+00
3.267970297029702209e+00
3.271118811881188471e+00
3.274217821782178905e+00
3.276920792079207168e+00
3.279782178217820032e+00
3.282158415841584187e+00
3.284752475247523229e+00
3.286851485148514218e+00
3.288801980198019059e+00
3.290693069306931395e+00
3.292772277227722810e+00
3.294534653465345464e+00
3.296118811881186161e+00
3.297495049504949538e+00
3.299118811881187607e+00
3.300425742574257804e+00
3.301752475247525798e+00
3.303118811881188943e+00
3.304277227722772103e+00
3.305267326732674427e+00
3.306009900990098949e+00
3.306881188118811821e+00
3.307702970297029310e+00
3.308435643564354489e+00
3.309128712871286293e+00
3.309920792079207086e+00
3.310584158415841749e+00
3.311089108910890921e+00
3.311584158415842083e+00
3.312069306930694346e+00
3.312643564356435810e+00
3.313108910891090719e+00
